frame_index: 950
liver_ratio: 0.1734771728515625
tool_ratio: 0.397857666015625
num_tools: 2
multiple_tools: True
edge_complexity: 0.0
overall_score: 0.37140045166015623
note: Raw surgical frame - AI segmentation needed
