frame_index: 694
liver_ratio: 0.1729583740234375
tool_ratio: 0.4765777587890625
num_tools: 3
multiple_tools: True
edge_complexity: 0.0
overall_score: 0.39486083984375
