frame_index: 565
liver_ratio: 0.19598388671875
tool_ratio: 0.52984619140625
num_tools: 2
multiple_tools: True
edge_complexity: 0.0
overall_score: 0.4177490234375
