frame_index: 91
liver_ratio: 0.173431396484375
tool_ratio: 0.298431396484375
num_tools: 2
multiple_tools: True
edge_complexity: 0.0
overall_score: 0.341558837890625
